772407.0
772407
380588
661441
1163136
474307
524897
1123075
590021
398519
959617
26946
680363
337913
1339014
464322
1051725
1365288
220679
1313452
1444109
44716
1269467
1323426
909119
973793
1463541
532851
1203910
1280685
1378740
786919
1181807
306201
820681
637296
29702
1155525
1273948
474782
1185557
482293
422106
1423827
1403153
1435501
1451258
1395410
1321182
6465
6472
1276644
1248374
1204633
793441
38965
38966
38967
434429
589136
642543
530197
455463
1338631
1326685
23899
1194800
1263721
1155511
530131
1135751
1116777
1357425
6938
536792
291844
403321
1276396
578451
1039481
954003
1089774
1193275
38970
1207680
1409303
1113633
1175501
1333937
701217
1425319
894103
1269257
957645
1158412
1466127
684055
1353014
1213644
35292
719717
256969
513005
389605
1434181
1193546
1156472
1141874
1058514
637294
1414169
229060
1078692
1492934
928075
1403178
1241265
333639
44026
1151270
23797
26184
303423
1291678
1410602
44049
942629
274926
1158538
26817
1390687
362682
1292716
1403151
23939
522222
44936
227712
1304665
1199393
1380794
1287067
1287055
1486042
804055
447456
1062588
633673
313526
1101940
38971
1287102
1198877
437037
56264
1277007
1337353
1093659
1159860
1437349
1112200
390752
1495496
749497
1386878
922941
386982
1156435
1059782
1217275
1361960
1509242
1059030
1271987
1156247
508442
594394
1060304
39370
1318851
1216919
39014
402205
38973
1048915
819507
1269466
781107
1156424
39836
25580
913865
1213774
402112
1175485
1431566
1073106
1510126
585100
1198937
1156489
1318791
1500156
402106
1172281
974173
335850
39084
56283
39091
1306410
1306445
1199198
1094719
527897
474209
1497610
366042
51866
1263722
1134974
26896
1329941
1404554
233409
1206027
1159789
1204125
1163686
733337
425955
1275232
1206031
425937
1454413
232307
425913
1163697
973797
1287016
402096
625374
1346505
1204126
1484957
1175432
1081436
801929
554159
1246444
1069497
339958
1070183
714479
1126196
955087
1463601
1124285
52067
39950
1171735
484045
1201536
1361961
1176740
1190581
1484906
1277545
1268920
303840
346552
1255411
258556
1182056
6553
1286503
1058508
296136
482506
1213656
